[gd_scene load_steps=3 format=3 uid="uid://dkew8064vbdbq"]

[ext_resource type="PackedScene" uid="uid://d0a3aa21jnn7f" path="res://assets/models/character.glb" id="1_jvjp0"]
[ext_resource type="Script" path="res://scenes/character/character_mesh.gd" id="2_j344t"]

[node name="CharacterMesh" instance=ExtResource("1_jvjp0")]
script = ExtResource("2_j344t")

[node name="leg-left" parent="character/root" index="0"]
transform = Transform3D(0.965926, 0, 0.258819, 0, 1, 0, -0.258819, 0, 0.965926, 0.125, 0.17625, -0.02375)

[node name="leg-right" parent="character/root" index="1"]
transform = Transform3D(0.965926, 0, -0.258819, 0, 1, 0, 0.258819, 0, 0.965926, -0.125, 0.17625, -0.02375)

[node name="torso" parent="character/root" index="2"]
transform = Transform3D(1, 0, 0, 0, 0.996195, 0.0871558, 0, -0.0871558, 0.996195, -1.80478e-15, 0.17625, -0.02375)

[node name="arm-left" parent="character/root/torso" index="0"]
transform = Transform3D(0.707107, 0.707107, 0, -0.707107, 0.707107, 0, 0, 0, 1, 0.3, 0.175, 0)

[node name="arm-right" parent="character/root/torso" index="1"]
transform = Transform3D(0.707107, -0.707107, 0, 0.707107, 0.707107, 0, 0, 0, 1, -0.3, 0.1195, 0)
